completion_tokens,prompt_tokens,total_tokens,elapsed_time,batches,prompt_name
358,1321,1679,00:03.063,1,bucket_858
314,1388,1702,00:02.584,1,bucket_876
210,1247,1457,00:01.826,1,bucket_3406
276,1303,1579,00:02.398,1,bucket_4267
212,1045,1257,00:01.966,1,bucket_1713
212,1146,1358,00:02.331,1,bucket_1941
323,1123,1446,00:02.695,1,bucket_3780
304,941,1245,00:02.620,1,bucket_195
226,818,1044,00:01.907,1,bucket_457
233,726,959,00:02.138,1,bucket_480
