completion_tokens,prompt_tokens,total_tokens,elapsed_time,batches,prompt_name
135,6918,7053,00:01.903,1,bucket_29
301,4925,5226,00:03.027,1,bucket_2
177,3795,3972,00:01.875,1,bucket_0
250,3759,4009,00:02.951,1,bucket_173
225,3790,4015,00:02.107,1,bucket_225
302,3547,3849,00:02.815,1,bucket_23
309,3598,3907,00:02.712,1,bucket_53
297,3635,3932,00:04.173,1,bucket_155
337,3617,3954,00:06.461,1,bucket_230
161,3432,3593,00:01.515,1,bucket_1
