completion_tokens,prompt_tokens,total_tokens,elapsed_time,batches,prompt_name
245,1321,1566,00:02.317,1,bucket_858
377,1388,1765,00:03.812,1,bucket_876
378,1247,1625,00:03.418,1,bucket_3406
279,1303,1582,00:03.104,1,bucket_4267
198,1045,1243,00:02.289,1,bucket_1713
349,1146,1495,00:03.024,1,bucket_1941
250,1123,1373,00:02.384,1,bucket_3780
359,941,1300,00:03.367,1,bucket_195
268,818,1086,00:02.657,1,bucket_457
267,726,993,00:02.584,1,bucket_480
