completion_tokens,prompt_tokens,total_tokens,elapsed_time,batches,prompt_name
4,135,139,00:02.075,1,index
4,135,139,00:01.210,1,id
46372,55351,101723,05:21.035,24,beer-name
1705,2244,3949,00:11.704,1,style
816,1165,1981,00:05.231,1,ounces
4579,2677,7256,00:30.381,1,abv
1849,2266,4115,00:11.783,1,ibu
9516,11238,20754,01:02.495,6,brewery-id
10411,12997,23408,01:20.891,6,brewery-name
8646,10232,18878,00:57.791,5,city
889,1380,2269,00:05.943,1,state
