completion_tokens,prompt_tokens,total_tokens,elapsed_time,batches,prompt_name
331,2757,3088,00:02.726,1,bucket_32
409,2045,2454,00:04.042,1,bucket_132
68,1202,1270,00:01.693,1,bucket_205
52,1077,1129,00:01.020,1,bucket_181
40,1134,1174,00:01.387,1,bucket_396
329,1034,1363,00:02.827,1,bucket_424
51,844,895,00:00.847,1,bucket_168
46,841,887,00:01.412,1,bucket_312
289,928,1217,00:02.361,1,bucket_130
265,965,1230,00:02.197,1,bucket_707
