completion_tokens,prompt_tokens,total_tokens,elapsed_time,batches,prompt_name
4,135,139,00:01.163,1,index
4,135,139,00:01.699,1,id
45556,55351,100907,05:15.204,24,beer-name
1705,2244,3949,00:10.902,1,style
592,1165,1757,00:04.465,1,ounces
3530,2677,6207,00:22.887,1,abv
2000,2266,4266,00:13.870,1,ibu
9516,11238,20754,01:03.826,6,brewery-id
9556,12997,22553,01:12.435,6,brewery-name
8166,10232,18398,00:53.933,5,city
889,1380,2269,00:06.507,1,state
