completion_tokens,prompt_tokens,total_tokens,elapsed_time,batches,prompt_name
407,6918,7325,00:04.192,1,bucket_29
339,4925,5264,00:03.232,1,bucket_2
245,3795,4040,00:02.538,1,bucket_0
427,3759,4186,00:03.841,1,bucket_173
388,3790,4178,00:03.015,1,bucket_225
254,3547,3801,00:03.005,1,bucket_23
222,3598,3820,00:02.541,1,bucket_53
456,3635,4091,00:03.304,1,bucket_155
310,3617,3927,00:03.193,1,bucket_230
384,3432,3816,00:03.629,1,bucket_1
