completion_tokens,prompt_tokens,total_tokens,elapsed_time,batches,prompt_name
134,1080,1214,00:02.180,1,bucket_336
187,1096,1283,00:02.930,1,bucket_908
141,989,1130,00:02.065,1,bucket_344
201,932,1133,00:01.983,1,bucket_907
336,943,1279,00:02.827,1,bucket_1335
219,807,1026,00:02.453,1,bucket_135
160,840,1000,00:02.344,1,bucket_173
223,829,1052,00:02.197,1,bucket_341
221,832,1053,00:02.467,1,bucket_497
207,816,1023,00:02.102,1,bucket_1330
