completion_tokens,prompt_tokens,total_tokens,elapsed_time,batches,prompt_name
295,2757,3052,00:03.920,1,bucket_32
57,2045,2102,00:01.669,1,bucket_132
59,1202,1261,00:01.092,1,bucket_205
45,1077,1122,00:01.099,1,bucket_181
52,1134,1186,00:01.006,1,bucket_396
392,1034,1426,00:03.147,1,bucket_424
55,844,899,00:00.931,1,bucket_168
50,841,891,00:01.459,1,bucket_312
271,928,1199,00:02.325,1,bucket_130
213,965,1178,00:03.476,1,bucket_707
