completion_tokens,prompt_tokens,total_tokens,elapsed_time,batches,prompt_name
176,1080,1256,00:01.918,1,bucket_336
214,1096,1310,00:02.163,1,bucket_908
168,989,1157,00:01.768,1,bucket_344
251,932,1183,00:02.337,1,bucket_907
238,943,1181,00:02.140,1,bucket_1335
202,807,1009,00:01.689,1,bucket_135
191,840,1031,00:01.906,1,bucket_173
307,829,1136,00:02.932,1,bucket_341
187,832,1019,00:02.277,1,bucket_497
151,816,967,00:01.687,1,bucket_1330
